2.2 80 1.21 0.31 0 180  0  0 1321.54 39.6462
2.2 100 1.21 0.31 0 180 0  0 1385.66 41.5699
2.2 120 1.21 0.31 0 180 0  0 1481.61 44.4482
2.2 140 1.21 0.31 0 180 1182.48  35.4743 1548.25 46.4476
2.2 155 1.21 0.31 0 180 1229.26  36.8779 1537.85 46.1355
2.2 170 1.21 0.31 0 180 1319.33  39.5799 1464.16 43.9248
2.2 80 1.22 0.31 0  180 0  0 1314.05 39.4216
2.2 100 1.22 0.31 0 180 0  0 1343.27 40.2982
2.2 120 1.22 0.31 0 180 0  0 1390.26 41.7079
2.2 140 1.22 0.31 0 180 1134.81  34.0442 1412.55 42.3766
2.2 155 1.22 0.31 0 180 1175.28  35.2583 1388.5 41.655
2.2 170 1.22 0.31 0 180 1230.75  36.9224 1327.59 39.8278
2.2 80 1.23 0.31 0  180 0  0 1242.86 37.2859
2.2 100 1.23 0.31 0 180 0  0 1239.77 37.1931
2.2 120 1.23 0.31 0 180 0  0 1241.63 37.2489
2.2 140 1.23 0.31 0 180 1018.49  30.5547 1223.14 36.6941
2.2 155 1.23 0.31 0 180 1050.15  31.5045 1185.52 35.5657
2.2 170 1.23 0.31 0 180 1076.13  32.2838 1133.91 34.0172
2.2 80 1.24 0.31 0  180 0  0 1141.78 34.2535
2.2 100 1.24 0.31 0 180 0  0 1113.45 33.4035
2.2 120 1.24 0.31 0 180 0  0 1080.49 32.4146
2.2 140 1.24 0.31 0 180 877.359  26.3208 1030.85 30.9256
2.2 155 1.24 0.31 0 180 900.402  27.0121 982.529 29.4759
2.2 170 1.24 0.31 0 180 905.073  27.1522 936.208 28.0862
2.2 80 1.25 0.31 0  180 0  0 1037.31 31.1192
2.2 100 1.25 0.31 0 180 0  0 991.328 29.7399
2.2 120 1.25 0.31 0 180 0  0 934.474 28.0342
2.2 140 1.25 0.31 0 180 742.15  22.2645 863.934 25.918
2.2 155 1.25 0.31 0 180 758.153  22.7446 808.314 24.2494
2.2 170 1.25 0.31 0 180 749.798  22.494 765.308 22.9593
