2.2 125 1.21 0.15 0 180 5680.84  170.425 6766.81 203.004
2.2 165 1.21 0.15 0 180 6164.28  184.928 6830.63 204.919
2.2 125 1.22 0.15 0 180 5473.45  164.203 6340.06 190.202
2.2 165 1.22 0.15 0 180 5797.83  173.935 6218.89 186.567
2.2 125 1.23 0.15 0 180 4929.52  147.886 5629.19 168.876
2.2 165 1.23 0.15 0 180 5102.67  153.08 5328.7 159.861
2.2 125 1.24 0.15 0 180 4258.23  127.747 4852.72 145.581
2.2 165 1.24 0.15 0 180 4315.73  129.472 4413.8 132.414
2.2 125 1.25 0.15 0 180 3608.82  108.265 4147.22 124.417
2.2 165 1.25 0.15 0 180 3589.43  107.683 3614.01 108.42
