3.3 80 1.21 0.35 0 180  0.  0.  2526.25 75.7876
3.3 100 1.21 0.35 0 180 0.  0.  2665.03 79.951
3.3 120 1.21 0.35 0 180 0.  0.  2858.71 85.7612
3.3 140 1.21 0.35 0 180 2232.81  66.9842 2988.28 89.6483
3.3 155 1.21 0.35 0 180 2331.44  69.9433 2959.55 88.7865
3.3 170 1.21 0.35 0 180 2503.37  75.1012 2800 84.0001
3.3 80 1.22 0.35 0 180  0.  0. 2549.52 76.4856
3.3 100 1.22 0.35 0 180 0.  0. 2614.49 78.4346
3.3 120 1.22 0.35 0 180 0.  0. 2707.44 81.2231
3.3 140 1.22 0.35 0 180 2203.36  66.1009 2746.2 82.3861
3.3 155 1.22 0.35 0 180 2272.56  68.1768 2690.17 80.7051
3.3 170 1.22 0.35 0 180 2366.83  71.0048 2559.12 76.7735
3.3 80 1.23 0.35 0 180  0.  0. 2443.91 73.3174
3.3 100 1.23 0.35 0 180 0.  0. 2440.2 73.206
3.3 120 1.23 0.35 0 180 0.  0. 2440 73.2
3.3 140 1.23 0.35 0 180 2026.19  60.7858 2395.23 71.857
3.3 155 1.23 0.35 0 180 2066.28  61.9883 2312.22 69.3667
3.3 170 1.23 0.35 0 180 2095.08  62.8525 2202.35 66.0704
3.3 80 1.24 0.35 0 180  0.  0. 2272.17 68.1652
3.3 100 1.24 0.35 0 180 0.  0. 2214.53 66.4359
3.3 120 1.24 0.35 0 180 0.  0. 2142.07 64.2622
3.3 140 1.24 0.35 0 180 1782.97  53.4891 2033.34 61.0002
3.3 155 1.24 0.35 0 180 1799.63  53.989 1928.84 57.8653
3.3 170 1.24 0.35 0 180 1782.19  53.4657 1831.54 54.9462
3.3 80 1.25 0.35 0 180  0.  0. 2086.5 62.5951
3.3 100 1.25 0.35 0 180 0.  0. 1990.87 59.7261
3.3 120 1.25 0.35 0 180 0.  0. 1868.42 56.0526
3.3 140 1.25 0.35 0 180 1536.5  46.0951 1716.36 51.4908
3.3 155 1.25 0.35 0 180 1536.75  46.1026 1597.25 47.9174
3.3 170 1.25 0.35 0 180 1491.81  44.7544 1507.54 45.2262
