1.1 110 1.21 0.05 0 180 5765.22  172.957 0.  0.     
1.1 119 1.21 0.05 0 180 5622.32  168.67  0.  0. 
1.1 133 1.21 0.05 0 180 5625.63  168.769 0.  0. 
1.1 147 1.21 0.05 0 180 5767.57  173.027 6374.42 191.233
1.1 160 1.21 0.05 0 180 5960.72  178.822 6400.48 192.014
1.1 170 1.21 0.05 0 180 6117.36  183.521 6353.78 190.613
1.1 180 1.21 0.05 0 180 6254.94  187.648 0.  0.
1.1 110 1.22 0.05 0 180 5290.92  158.727 0.  0.     
1.1 119 1.22 0.05 0 180 5255.95  157.679 0.  0. 
1.1 133 1.22 0.05 0 180 5291.11  158.733 0.  0. 
1.1 147 1.22 0.05 0 180 5377.24  161.317 5768.98 173.069
1.1 160 1.22 0.05 0 180 5483.02  164.491 5755.94 172.678
1.1 170 1.22 0.05 0 180 5570.23  167.107 5715.38 171.461
1.1 180 1.22 0.05 0 180 5653.44  169.603 0.  0.
1.1 110 1.23 0.05 0 180 4560.99  136.83  0.  0. 
1.1 119 1.23 0.05 0 180 4600.51  138.015 0.  0. 
1.1 133 1.23 0.05 0 180 4652.78  139.583 0.  0. 
1.1 147 1.23 0.05 0 180 4690.22  140.707 4923.04 147.691
1.1 160 1.23 0.05 0 180 4724.95  141.749 4873.06 146.192
1.1 170 1.23 0.05 0 180 4757.68  142.73  4834.08 145.022
1.1 180 1.23 0.05 0 180 4794.29  143.829 0.  0.
1.1 110 1.24 0.05 0 180 3785.98  113.579 0.  0.
1.1 119 1.24 0.05 0 180 3867.62  116.029 0.  0.
1.1 133 1.24 0.05 0 180 3925.37  117.761 0.  0.
1.1 147 1.24 0.05 0 180 3928.54  117.856 4063.73 121.912
1.1 160 1.24 0.05 0 180 3915.06  117.452 3985.29 119.559
1.1 170 1.24 0.05 0 180 3910.74  117.322 3943.79 118.314
1.1 180 1.24 0.05 0 180 3923.91  117.717 0.  0.
1.1 110 1.25 0.05 0 180 3093.11  92.7933 0.  0.
1.1 119 1.25 0.05 0 180 3193.44  95.8032 0.  0.
1.1 133 1.25 0.05 0 180 3251.04  97.5311 0.  0.
1.1 147 1.25 0.05 0 180 3232.92  96.9876 3318.16 99.5449
1.1 160 1.25 0.05 0 180 3192.21  95.7663 3222.51 96.6752
1.1 170 1.25 0.05 0 180 3168.48  95.0544 3179.79 95.3937
1.1 180 1.25 0.05 0 180 3161.93  94.8579 0.  0.
