2.2 120 1.21 0.45 0 180 0        0       556.05 16.6815
2.2 140 1.21 0.45 0 180 433.191  12.9957 585.744 17.5723
2.2 155 1.21 0.45 0 180 442.319  13.2696 580.665 17.42
2.2 120 1.22 0.45 0 180 0        0       520.603 15.6181
2.2 140 1.22 0.45 0 180 407.958  12.2388 532.64 15.9792
2.2 155 1.22 0.45 0 180 421.691  12.6507 521.795 15.6538
2.2 120 1.23 0.45 0 180 0        0       465.2 13.956
2.2 140 1.23 0.45 0 180 360.659  10.8198 461.025 13.8308
2.2 155 1.23 0.45 0 180 376.071  11.2821 444.56 13.3368
2.2 120 1.24 0.45 0 180 0        0       405.952 12.1786
2.2 140 1.24 0.45 0 180 307.006  9.21019 389.343 11.6803
2.2 155 1.24 0.45 0 180 322.089  9.66268 368.491 11.0547
2.2 120 1.25 0.45 0 180 0        0       352.628 10.5788
2.2 140 1.25 0.45 0 180 257.306  7.71917 327.571 9.82714
2.2 155 1.25 0.45 0 180 271.095  8.13286 303.785 9.11354
