2.2 90 1.21 0.25 0 180 0  0 2223.47 66.704
2.2 110 1.21 0.25 0 180 0  0 2357.91 70.7372
2.2 130 1.21 0.25 0 180 1987.47  59.624 2496.89 74.9066
2.2 150 1.21 0.25 0 180 2028.83  60.865 2538.3 76.1489
2.2 170 1.21 0.25 0 180 2205.26  66.1577 2418.97 72.569
2.2 180 1.21 0.25 0 180 0  0 2314.96 69.4489
2.2 90 1.22 0.25 0 180  0  0 2190.83 65.725
2.2 110 1.22 0.25 0 180 0  0 2253.03 67.591
2.2 130 1.22 0.25 0 180 1889.48  56.6843 2311.44 69.3432
2.2 150 1.22 0.25 0 180 1951.19  58.5358 2302.09 69.0626
2.2 170 1.22 0.25 0 180 2058.26  61.7477 2198.59 65.9577
2.2 180 1.22 0.25 0 180 0  0 2128.11 63.8433
2.2 90 1.23 0.25 0 180  0  0 2051.15 61.5345
2.2 110 1.23 0.25 0 180 0  0 2047.04 61.4113
2.2 130 1.23 0.25 0 180 1683.43  50.5029 2031.71 60.9512
2.2 150 1.23 0.25 0 180 1752.5  52.575 1974.81 59.2443
2.2 170 1.23 0.25 0 180 1800.21  54.0064 1881.11 56.4334
2.2 180 1.23 0.25 0 180 0  0 1835.56 55.0667
2.2 90 1.24 0.25 0 180  0  0 1864.31 55.9294
2.2 110 1.24 0.25 0 180 0  0 1809.27 54.278
2.2 130 1.24 0.25 0 180 1441.83  43.2549 1737.79 52.1336
2.2 150 1.24 0.25 0 180 1509.28  45.2784 1644.37 49.3311
2.2 170 1.24 0.25 0 180 1514.18  45.4253 1554.81 46.6442
2.2 180 1.24 0.25 0 180 0  0 1528.21 45.8463
2.2 90 1.25 0.25 0 180  0  0 1675.75 50.2726
2.2 110 1.25 0.25 0 180 0  0 1586.03 47.5809
2.2 130 1.25 0.25 0 180 1213.95  36.4185 1476.82 44.3047
2.2 150 1.25 0.25 0 180 1275.44  38.2633 1359.12 40.7735
2.2 170 1.25 0.25 0 180 1254.33  37.63 1271.78 38.1534
2.2 180 1.25 0.25 0 180 0  0 1253.45 37.6035
