 2.2 130 1.21 0.25 0 180 1987.47  59.624 2496.89 74.9066
 2.2 170 1.21 0.25 0 180 2205.26  66.1577 2418.97 72.569
 2.2 130 1.22 0.25 0 180 1889.48  56.6843 2311.44 69.3432
 2.2 170 1.22 0.25 0 180 2058.26  61.7477 2198.59 65.9577
 2.2 130 1.23 0.25 0 180 1683.43  50.5029 2031.71 60.9512
 2.2 170 1.23 0.25 0 180 1800.21  54.0064 1881.11 56.4334
 2.2 130 1.24 0.25 0 180 1441.83  43.2549 1737.79 52.1336
 2.2 170 1.24 0.25 0 180 1514.18  45.4253 1554.81 46.6442
 2.2 130 1.25 0.25 0 180 1213.95  36.4185 1476.82 44.3047
 2.2 170 1.25 0.25 0 180 1254.33  37.63 1271.78 38.1534
