2.2 100 1.21 0.31 0 180 0  0 1385.66 41.5699
2.2 140 1.21 0.31 0 180 1182.48  35.4743 1548.25 46.4476
2.2 170 1.21 0.31 0 180 1319.33  39.5799 1464.16 43.9248
2.2 100 1.22 0.31 0 180 0  0 1343.27 40.2982
2.2 140 1.22 0.31 0 180 1134.81  34.0442 1412.55 42.3766
2.2 170 1.22 0.31 0 180 1230.75  36.9224 1327.59 39.8278
2.2 100 1.23 0.31 0 180 0  0 1239.77 37.1931
2.2 140 1.23 0.31 0 180 1018.49  30.5547 1223.14 36.6941
2.2 170 1.23 0.31 0 180 1076.13  32.2838 1133.91 34.0172
2.2 100 1.24 0.31 0 180 0  0 1113.45 33.4035
2.2 140 1.24 0.31 0 180 877.359  26.3208 1030.85 30.9256
2.2 170 1.24 0.31 0 180 905.073  27.1522 936.208 28.0862
2.2 100 1.25 0.31 0 180 0  0 991.328 29.7399
2.2 140 1.25 0.31 0 180 742.15  22.2645 863.934 25.918
2.2 170 1.25 0.31 0 180 749.798  22.494 765.308 22.9593
