2.2 100 1.21 0.35 0 180 0.  0.  1022.58 30.6773
2.2 140 1.21 0.35 0 180 865.798  25.9739 1147.68 34.4303
2.2 155 1.21 0.35 0 180 897.432  26.9229 1138.97 34.1692
2.2 170 1.21 0.35 0 180 965.689  28.9707 1079.75 32.3926
2.2 100 1.22 0.35 0 180 0.  0. 990.385 29.7115
2.2 140 1.22 0.35 0 180 827.166  24.815 1045.88 31.3764
2.2 155 1.22 0.35 0 180 857.558  25.7268 1026.79 30.8038
2.2 170 1.22 0.35 0 180 900.391  27.0117 977.519 29.3256
2.2 100 1.23 0.35 0 180 0.  0 914.022 27.4207
2.2 140 1.23 0.35 0 180 739.734  22.192 905.334 27.16
2.2 155 1.23 0.35 0 180 766.048  22.9814 875.998 26.2799
2.2 170 1.23 0.35 0 180 787.013  23.6104 833.996 25.0199
2.2 100 1.24 0.35 0 180 0.  0   821.435 24.6431
2.2 140 1.24 0.35 0 180 635.462  19.0639 763.317 22.8995
2.2 155 1.24 0.35 0 180 656.761  19.7028 725.868 21.776
2.2 170 1.24 0.35 0 180 661.81  19.8543 688.156 20.6447
2.2 100 1.25 0.35 0 180 0.  0    732.21 21.9663
2.2 140 1.25 0.35 0 180 536.381  16.0914 640.319 19.2096
2.2 155 1.25 0.35 0 180 553.028  16.5908 597.418 17.9225
2.2 170 1.25 0.35 0 180 548.248  16.4474 562.369 16.8711
