3.3 90 1.21 0.45 0 180  0.  0.   1318.64 39.5593
3.3 110 1.21 0.45 0 180 0.  0.   1416.3 42.489
3.3 130 1.21 0.45 0 180 1131.66  33.9497 1517.64 45.5292
3.3 150 1.21 0.45 0 180 1141.52  34.2455 1543.21 46.2964
3.3 170 1.21 0.45 0 180 1254.83  37.6449 1429.68 42.8905
3.3 90 1.22 0.45 0 180  0.   0.  1314.05 39.4215
3.3 110 1.22 0.45 0 180 0.   0.  1365.09 40.9527
3.3 130 1.22 0.45 0 180 1079.94  32.3982 1412.15 42.3645
3.3 150 1.22 0.45 0 180 1121.99  33.6596 1401.84 42.0551
3.3 170 1.22 0.45 0 180 1186.9  35.6071 1302.53 39.076
3.3 90 1.23 0.45 0 180  0.  0.  1247.02 37.4105
3.3 110 1.23 0.45 0 180 0.  0.  1254.42 37.6327
3.3 130 1.23 0.45 0 180 967.12  29.0136 1251.54 37.5461
3.3 150 1.23 0.45 0 180 1028.19  30.8457 1207.89 36.2367
3.3 170 1.23 0.45 0 180 1051.34  31.5402 1118.57 33.5571
3.3 90 1.24 0.45 0 180  0.  0.   1150.67 34.5202
3.3 110 1.24 0.45 0 180 0.  0.   1123.61 33.7084
3.3 130 1.24 0.45 0 180 833.471  25.0041 1082.12 32.4635
3.3 150 1.24 0.45 0 180 902.115  27.0635 1012.9 30.3869
3.3 170 1.24 0.45 0 180 895.145  26.8543 929.222 27.8767
3.3 90 1.25 0.45 0 180  0.  0.   1051.04 31.5312
3.3 110 1.25 0.45 0 180 0.  0.   999.509 29.9853
3.3 130 1.25 0.45 0 180 706.712  21.2014 931.37 27.9411
3.3 150 1.25 0.45 0 180 775.672  23.2702 844.908 25.3472
3.3 170 1.25 0.45 0 180 750.086  22.5026 764.605 22.9381
