2.2 105 1.21 0.15 0 180 0.  0. 6409.08 192.272
2.2 115 1.21 0.15 0 180 0.  0. 6592.93 197.788
2.2 125 1.21 0.15 0 180 5680.84  170.425 6766.81 203.004
2.2 145 1.21 0.15 0 180 5777.78  173.333 6965.6 208.968
2.2 165 1.21 0.15 0 180 6164.28  184.928 6830.63 204.919
2.2 180 1.21 0.15 0 180 6528.1  195.843 0 0
2.2 105 1.22 0.15 0 180 0.  0. 6202.83 186.085
2.2 115 1.22 0.15 0 180 0.  0. 6276.15 188.284
2.2 125 1.22 0.15 0 180 5473.45  164.203 6340.06 190.202
2.2 145 1.22 0.15 0 180 5583.59  167.508 6372.08 191.162
2.2 165 1.22 0.15 0 180 5797.83  173.935 6218.89 186.567
2.2 180 1.22 0.15 0 180 6014.61  180.438 0 0
2.2 105 1.23 0.15 0 180 0.  0. 5690.62 170.719
2.2 115 1.23 0.15 0 180 0.  0. 5664.41 169.932
2.2 125 1.23 0.15 0 180 4929.52  147.886 5629.19 168.876
2.2 145 1.23 0.15 0 180 5035.12  151.054 5508.78 165.263
2.2 165 1.23 0.15 0 180 5102.67  153.08 5328.7 159.861
2.2 180 1.23 0.15 0 180 5196.73  155.902 0 0
2.2 105 1.24 0.15 0 180 0.  0. 5062.57 151.877
2.2 115 1.24 0.15 0 180 0.  0. 4961.97 148.859
2.2 125 1.24 0.15 0 180 4258.23  127.747 4852.72 145.581
2.2 145 1.24 0.15 0 180 4350.34  130.51 4617.79 138.534
2.2 165 1.24 0.15 0 180 4315.73  129.472 4413.8 132.414
2.2 180 1.24 0.15 0 180 4332.76  129.983 0 0
2.2 105 1.25 0.15 0 180 0.  0 4454.06 133.622
2.2 115 1.25 0.15 0 180 0.  0 4304.75 129.142
2.2 125 1.25 0.15 0 180 3608.82  108.265 4147.22 124.417
2.2 145 1.25 0.15 0 180 3685.31  110.559 3837.9 115.137
2.2 165 1.25 0.15 0 180 3589.43  107.683 3614.01 108.42
2.2 180 1.25 0.15 0 180 3555.77  106.673 0 0
