4.55  142 1.245 0.33 0 180 3750.80      200.183 0   0    
4.55  147 1.245 0.33 0 180 3647.06      288.684 0   0
4.55  152 1.245 0.33 0 180 3908.15 	221.813 0   0
4.55  157 1.245 0.33 0 180 3313.63 	222.689 0   0
4.55  132 1.245 0.33 0 180 3716.24 	325.44  0   0
4.55  137 1.245 0.33 0 180 3778.36 	250.866 0   0
4.55  137 1.245 0.33 0 180 0 0  4913.75         184.698
4.55  142 1.245 0.33 0 180 0 0  4687.31         472.838
4.55  147 1.245 0.33 0 180 0 0  4986.6          179.155
4.55  152 1.245 0.33 0 180 0 0  4473.14 	149.457
4.55  157 1.245 0.33 0 180 0 0  4193.85 	250.819
4.55  132 1.245 0.33 0 180 0 0  5647.02 	217.574
4.55  113 1.245 0.33 0 180 0 0  5534.89 	154.655
4.55  118 1.245 0.33 0 180 0 0  5463.71 	139.597
4.55  123 1.245 0.33 0 180 0 0  5585.   	228.086
4.55 142 1.232 0.33 0  180  4371.29 188.7266    0    0 
4.55 147 1.232 0.33 0  180  4385.61 182.7958    0    0
4.55 152 1.232 0.33 0  180  4920.89 180.099     0    0
4.55 157 1.232 0.33 0  180  4504.87 231.659     0    0
4.55 132 1.232 0.33 0  180  4419.32 237.9       0    0
4.55 137 1.232 0.33 0  180  4586.59 196.611     0    0
4.55 142 1.232 0.33 0  180 0  0 5810.47       339.058 
4.55 147 1.232 0.33 0  180 0  0 6156.76       173.702
4.55 152 1.232 0.33 0  180 0  0 5965.85       134.127
4.55 157 1.232 0.33 0  180 0  0 5594.92       161.495
4.55 132 1.232 0.33 0  180 0  0 6116.4        206.145
4.55 137 1.232 0.33 0  180 0  0 5893.98       151.963
4.55 118 1.232 0.33 0  180 0  0 6347.32       117.955
4.55 123 1.232 0.33 0  180 0  0 6245.59       150.603
4.55 128 1.232 0.33 0  180 0  0 6974.79       439.327

